995385
1799113
33494
1205774
1124998
2483686
1536233
2319069
1840024
1757075
499952
506700
650446
1054920
1331079
1078666
1060380
2434548
1462812
987981
1913926
454317
35469
509290
1486166
1481607
1695676
510345
1451161
552883
452888
453577
451665
1196465
447297
206797
2460400
2460403
2794909
536165
834601
765336
1756930
2400789
1754265
2262605
104962
765139
1400244
1864966
1339954
1131255
1537260
595660
1285016
55572
766710
2344441
1258225
542142
534543
1406339
320460
205267
762401
61782
1981116
1054826
1480515
1709985
1479122
1258255
2486989
1008564
2380909
346702
485838
2032186
1304740
457681
481316
481362
1380664
2471725
2598314
2542787
1517940
1488593
1253006
2391034
2464024
626746
2184082
1275602
832881
341907
2612145
1081130
1643440
1450622
1315732
1488645
508725
1123492
1268169
2020095
1841230
592729
206967
1071367
604072
1288973
625536
1406635
1787098
1917736
1490298
455160
1694242
2704422
441136
220476
490320
1326728
345810
1116365
1647685
508234
2223671
32370
881229
32458
502169
1404740
1299134
513201
2264105
1523524
1285123
202078
206108
1083477
1712387
499843
1026
1694109
796863
200485
338409
496341
1867154
857412
1093830
41606
1053232
1392918
1389691
1143934
1489349
1898472
1109498
1463482
1354086
1479263
1269033
1777969
454218
1617160
1529176
2700649
596936
596939
1142343
348528
1847382
1133440
1327436
2115818
1804336
2115489
1405337
1727122
1093547
1297912
530237
550037
2021718
2316482
1255084
1058441
888243
1192143
349522
1926637
593544
621275
1493239
894259
535324
1778801
1482940
36594
1864379
10701
1585474
765918
1492268
513941
657184
1877132
1723586
498587
2025770
270725
1014136
1491616
341267
86542
1965402
1616168
2177363
1310255
1310248
376149
1779146
1047323
556112
349078
887938
338750
2242106
349334
543362
2595931
2267980
497092
2789123
1047213
328979
339679
1279254
343663
32603
2898223
1134312
1703470
509426
1145341
2388911
1050059
1461470
1079440
1277428
2535650
1877252
2454492
207017
34717
1962819
2599636
1837986
1886487
1379617
2439732
2320575
1893958
1295845
1516396
503885
2390869
1830089
755586
375906
1207036
2022200
55406
2179716
1345713
1123941
843081
1271004
2691830
1540052
2443420
1852420
1689305
1664484
494755
1303294
1288335
1874935
200240
503517
2456547
340835
1117656
206431
552648
2139771
346601
1477017
1599924
1012979
1086814
1086951
1093063
202679
1344485
1010895
336134
1998264
624729
1250306
2123973
1013421
1265857
1274076
543080
595664
2007625
1398057
1699904
45561
32375
32367
36907
202310
59002
1096288
1068227
49801
1398426
453077
47456
1015485
48201
537829
1811666
536741
1268165
321160
1206218
2607060
2458983
370439
2426681
2777582
370574
2777586
376958
2944097
2513327
103982
322269
322268
1924984
656436
1336946
1116495
1840699
988338
1398497
1192124
34345
543253
765903
1838018
1313997
328142
320719
763255
349198
30095
335115
837184
484603
1613466
861314
1994317
1981729
3051110
1358193
2030441
500902
2264720
487828
1096405
1594412
1468322
2542771
2274731
1533225
1665276
2671521
374288
1475612
2307515
507257
1083520
2137339
1249099
895019
1491889
1491972
1760716
2020136
756986
486395
48076
182411
764621
444827
556870
2307520
598573
320726
1198909
1514756
2484203
331171
346382
984751
1010281
33049
500777
656109
2439016
453579
349557
1271686
334242
1298350
1840029
597905
373339
1741316
2494372
2746435
1375251
647406
2506170
550611
1964581
747756
879247
1385837
2658770
552344
2351085
1492105
1278882
495186
272659
1303447
765022
2024984
203131
2508896
1000711
1972614
454310
47596
1990064
1253949
2393885
447692
1344140
1335250
1672233
1482427
482021
1490753
1757183
656337
1535076
545407
1071405
201598
11536
443030
443026
33316
1068880
1265853
2910083
452898
771556
1890841
1081857
330139
747249
1404780
347126
596933
1514531
1779786
61667
61502
1261713
1480013
1123372
886862
210035
982110
49321
1259450
1765104
1252549
626144
81327
1320271
275671
755770
2273348
1261152
511569
1123635
1725776
513279
1725788
485800
31551
2002952
1920948
507530
1613542
453576
499383
1284838
1316519
1967704
1260689
2257875
2491953
56477
205405
657878
448016
1631795
1953962
603861
447640
1596929
3073909
1280252
1094087
1763534
502749
764661
2648372
498332
645756
1383465
376561
325528
333713
342690
1643420
606238
515918
2132511
2132515
445838
1114611
1264832
732483
49336
655327
796380
2695710
843743
1491553
1906621
1394798
1451965
3175223
2035588
517563
2035540
1392371
514236
370302
1601865
601215
790414
790419
2250110
1081865
1624736
86007
33503
2132665
1788371
1786573
834006
1394922
341262
2089119
2238677
2001971
3059821
337293
1726107
340602
444933
2629060
1521310
2355446
2414705
2473907
596787
1010154
2248703
1112822
1996885
2191029
2458100
2547952
1285245
501606
1465265
1622533
1515096
540099
552034
70477
485621
1361005
1955587
444369
1383150
553586
843740
1295228
341985
341983
274872
1989969
650660
270780
56076
1710096
987086
275561
2744947
646340
1109500
892632
203273
544533
346206
656915
343010
1271007
1766824
556282
760245
551500
1383101
1284093
640531
897165
985094
1533019
2116587
553344
1318795
2607076
2141557
2303236
833484
1323833
1468019
1877154
2519423
328138
2601178
205915
1969635
1489359
441664
201093
141232
1786470
323115
2645603
441340
1389719
2769508
481911
57512
896045
488158
1520283
1288981
1853024
1782541
335014
2503138
1338608
2239105
1474902
1337291
1856109
203663
1248951
1331589
512989
495024
2194614
547928
1869920
1198888
13319
1016794
345845
2708363
2708398
514584
336983
597715
1537471
895163
1480489
1449249
1123639
1398251
1085490
2586318
743063
2646593
442361
1732186
507766
598014
1466602
1981361
1720239
374048
1662633
1481505
2342900
1114676
1968771
2568848
206520
511606
1070200
1086163
1290265
342318
1864086
64702
1608328
644833
1476979
1306841
334492
2647391
2577239
1852664
2577037
451102
203653
2576476
557447
1593548
2195270
494989
541897
495625
599606
1125013
270833
1118666
510983
2514871
1398109
1302989
327474
486930
837380
1253180
833222
1331545
2107576
745548
450845
1134582
2008711
1532642
1493146
2116668
790401
330840
1782639
2470859
595054
595051
202998
2041955
1321420
2593988
2873580
1725010
1110429
1325809
328644
1645805
2708124
340987
1339534
1295500
1839124
2478681
1248593
1198318
349163
1108878
1772923
334443
1974728
1918888
1853290
13520
1089168
1908797
32459
1886708
2472862
1096509
1870281
2258295
1664620
2000662
2658508
451767
1875628
594067
2510111
515479
878979
342561
1363816
2250034
597949
543117
342627
2195206
2253446
1948850
272786
1523058
1299161
1625673
1378322
1538903
2957458
1406337
1313406
843075
2885249
498672
1383230
1396615
33491
2680998
1890670
540927
2033434
2488123
1252509
346184
2486072
2035664
1646077
3067379
376680
1089020
1523303
1448217
2299074
1255385
48521
1047220
1356626
1468043
201483
275263
536199
2295328
346104
1939769
550152
2136113
90127
2422313
2669292
1052584
34852
1533259
1280562
3231351
2699769
1463386
2720095
2092067
2926484
1478189
1319083
1189390
1256582
1514579
1737792
338828
1360320
748086
790776
322658
2029272
1955049
2126674
2104236
16535
2650199
1535951
1087728
647272
2306284
1075570
1074205
1763903
1524024
1587043
483189